0,32,12,128,90,75,116,26,61,20,34,92,105,26,47,16,34,111,41,22,19,87,14,52,32,0,70,74,85,38,78,53,24,47,85,77,124,18,75,71,18,87,58,25,28,85,74,121,12,70,0,16,73,94,66,35,14,71,81,32,60,88,31,40,50,63,101,102,27,15,12,57,128,74,16,0,87,26,103,109,59,59,81,12,69,77,102,46,78,56,93,32,21,69,42,87,90,85,73,87,0,59,22,85,94,98,23,62,24,77,24,102,12,49,46,47,84,28,27,41,75,38,94,26,59,0,68,26,55,58,41,79,50,100,48,65,84,91,79,75,98,23,84,16,116,78,66,103,22,68,0,80,60,30,86,40,34,76,17,18,17,75,80,50,86,69,46,18,26,53,35,109,85,26,80,0,87,54,69,77,65,55,80,18,15,56,51,54,92,15,50,51,61,24,14,59,94,55,60,87,0,86,34,17,58,15,66,74,31,52,58,15,43,34,40,49,20,47,71,59,98,58,30,54,86,0,12,45,50,28,15,14,58,69,36,10,59,44,64,70,34,85,81,81,23,41,86,69,34,12,0,41,65,13,26,53,16,66,49,61,79,73,46,60,92,77,32,12,62,79,40,77,17,45,41,0,35,41,40,38,60,45,27,37,26,73,73,31,105,124,60,69,24,50,34,65,58,50,65,35,0,11,30,49,55,42,11,19,65,62,26,58,26,18,88,77,77,100,76,55,15,28,13,41,11,0,28,33,45,52,53,40,40,61,16,57,47,75,31,102,24,48,17,80,66,15,26,40,30,28,0,22,35,14,29,46,11,49,12,21,16,71,40,46,102,65,18,18,74,14,53,38,49,33,22,0,28,34,29,27,50,39,51,15,34,18,50,78,12,84,17,15,31,58,16,60,55,45,35,28,0,23,40,10,39,12,37,21,111,87,63,56,49,91,75,56,52,69,66,45,42,52,14,34,23,0,26,40,30,10,37,30,41,58,101,93,46,79,80,51,58,36,49,27,11,53,29,29,40,26,0,21,30,18,32,15,22,25,102,32,47,75,50,54,15,10,61,37,19,40,46,27,10,40,21,0,30,29,32,13,19,28,27,21,84,98,86,92,43,59,79,26,65,40,11,50,39,30,30,30,0,13,27,14,87,85,15,69,28,23,69,15,34,44,73,73,62,61,49,39,12,10,18,29,13,0,10,24,14,74,12,42,27,84,46,50,40,64,46,73,26,16,12,51,37,37,32,32,27,10,0,15,52,121,57,87,41,16,18,51,49,70,60,31,58,57,21,15,21,30,15,13,14,24,15,0